9,2
9,1
9,0
8,108
8,107
8,106
8,105
8,104
8,103
8,102
8,101
8,100
8,99
8,98
8,97
8,96
8,95
8,94
8,93
8,92
8,91
8,90
8,89
8,88
8,87
8,86
8,85
8,84
8,83
8,82
8,81
8,80
8,79
8,78
8,77
8,76
8,75
8,74
8,73
8,72
8,71
8,70
8,69
8,68
8,67
8,66
8,65
8,64
8,35
8,34
8,33
8,32
8,31
8,30
8,29
8,28
8,27
8,26
8,25
8,24
8,23
8,22
8,21
8,20
8,19
8,18
8,17
8,16
8,15
8,14
8,13
8,12
8,11
8,10
8,9
8,8
8,7
8,6
8,5
8,4
8,3
8,2
6,3
4,3
9,3
1,3
0,1
2,3
0,9
0,310
0,305
0,308
0,304
0,303
0,302
0,307
0,12
0,10
0,8
0,300
0,299
0,298
0,297
0,296
0,295
0,294
0,293
0,292
0,291
0,290
0,289
0,288
0,287
0,286
0,285
0,284
0,283
0,282
0,281
0,280
0,279
0,278
0,277
0,276
0,275
0,274
0,273
0,272
0,271
0,270
0,269
0,268
0,267
0,266
0,265
0,264
0,263
0,262
0,261
0,260
0,259
0,258
0,257
0,256
0,255
0,254
0,253
0,252
0,251
0,250
0,249
0,248
0,247
0,246
0,245
0,244
0,242
0,241
0,240
0,239
0,238
0,237
0,236
0,235
0,234
0,233
0,232
0,231
0,230
0,229
0,228
0,227
0,226
0,225
0,224
0,223
0,222
0,221
0,220
0,219
0,218
0,217
0,216
0,215
0,214
0,213
0,212
0,211
0,210
0,209
0,208
0,207
0,206
0,205
0,204
0,203
0,202
0,201
0,334
0,200
0,199
0,333
0,198
0,332
0,197
0,331
0,196
0,329
0,195
0,328
0,194
0,330
0,193
0,192
0,327
0,63
0,326
0,62
0,325
0,61
0,324
0,60
0,323
0,59
0,321
0,58
0,320
0,57
0,56
0,319
0,55
0,318
0,54
0,317
0,53
0,316
0,52
0,315
0,51
0,314
0,50
0,313
0,49
0,312
0,48
0,311
0,47
0,309
0,46
0,306
0,45
0,301
0,6
0,5
0,11
0,4
0,2
0,3
0,7
